ground truth: 69 search windows (MVC 42, AVC 27); marked: AVC 24, MVC 42
event  w_ms         method  n  fully_inside  cover_ge_80  cover_median  err_median_ms  err_p90_ms
  AVC   100         energy 24         0.208        0.542         0.834         21.998     134.259
  AVC   100           peak 24         0.958        1.000         1.000          2.635       5.563
  AVC   100          phase 24         0.458        0.583         0.900         18.283      43.566
  AVC   100   prior*energy 24         0.417        0.667         0.886         18.772      30.343
  AVC   100     prior*prop 24         0.292        0.625         0.830         23.368      35.491
  AVC   100      prior*sem 24         0.500        0.625         0.951         14.957      43.832
  AVC   100 prior*sem*prop 24         0.417        0.708         0.911         17.840      33.845
  AVC   100   prior30*peak 24         0.917        1.000         1.000          3.850      12.377
  AVC   100   prior45*peak 24         0.958        1.000         1.000          3.112       5.822
  AVC   100   prior60*peak 24         0.958        1.000         1.000          3.080       6.536
  AVC   100   prior90*peak 24         0.958        1.000         1.000          2.855       5.563
  AVC   100           prop 24         0.125        0.375         0.718         33.005     146.651
  AVC   100            sem 24         0.125        0.167         0.442         54.535      68.001
  AVC   100       sem*prop 24         0.333        0.583         0.890         20.903     115.177
  AVC   120         energy 24         0.458        0.583         0.882         26.290     140.114
  AVC   120           peak 24         1.000        1.000         1.000          2.635       5.563
  AVC   120          phase 24         0.583        0.875         1.000         18.283      43.566
  AVC   120   prior*energy 24         0.583        0.917         0.985         20.813      34.582
  AVC   120     prior*prop 24         0.542        0.750         0.952         24.510      39.911
  AVC   120      prior*sem 24         0.625        0.833         1.000         14.440      41.934
  AVC   120 prior*sem*prop 24         0.625        0.833         0.993         22.870      39.911
  AVC   120   prior30*peak 24         1.000        1.000         1.000          3.850      12.377
  AVC   120   prior45*peak 24         1.000        1.000         1.000          3.112       5.822
  AVC   120   prior60*peak 24         1.000        1.000         1.000          3.080       6.536
  AVC   120   prior90*peak 24         1.000        1.000         1.000          2.855       5.563
  AVC   120           prop 24         0.208        0.333         0.658         46.353     149.205
  AVC   120            sem 24         0.292        0.292         0.529         57.402      78.001
  AVC   120       sem*prop 24         0.292        0.500         0.803         36.888      58.677
  MVC   100         energy 42         0.595        0.857         1.000         12.938      30.666
  MVC   100           peak 42         0.786        0.976         1.000          6.728      18.350
  MVC   100          phase 42         0.738        0.929         1.000         10.075      21.031
  MVC   100   prior*energy 42         0.643        0.929         1.000          9.475      22.445
  MVC   100     prior*prop 42         0.667        0.929         1.000          8.295      23.689
  MVC   100      prior*sem 42         0.690        0.929         1.000         10.700      21.880
  MVC   100 prior*sem*prop 42         0.643        0.929         1.000         10.510      23.701
  MVC   100   prior30*peak 42         0.786        0.976         1.000          6.958      17.431
  MVC   100   prior45*peak 42         0.738        0.976         1.000          9.572      18.350
  MVC   100   prior60*peak 42         0.786        0.976         1.000          8.180      18.072
  MVC   100   prior90*peak 42         0.786        0.976         1.000          6.728      18.350
  MVC   100           prop 42         0.500        0.810         0.974         16.710      35.864
  MVC   100            sem 42         0.357        0.548         0.825         21.540      68.359
  MVC   100       sem*prop 42         0.595        0.857         1.000         12.172      30.681
  MVC   120         energy 42         0.690        0.905         1.000         16.578      35.738
  MVC   120           peak 42         0.952        1.000         1.000         11.533      26.766
  MVC   120          phase 42         0.929        0.976         1.000         11.888      28.350
  MVC   120   prior*energy 42         0.905        0.976         1.000         12.905      28.350
  MVC   120     prior*prop 42         0.905        0.976         1.000         11.905      28.350
  MVC   120      prior*sem 42         0.929        0.976         1.000         12.495      28.350
  MVC   120 prior*sem*prop 42         0.905        0.976         1.000         12.905      28.350
  MVC   120   prior30*peak 42         0.976        0.976         1.000         11.037      26.766
  MVC   120   prior45*peak 42         0.976        0.976         1.000         12.067      26.766
  MVC   120   prior60*peak 42         0.976        0.976         1.000         11.636      26.766
  MVC   120   prior90*peak 42         0.952        1.000         1.000         11.533      26.766
  MVC   120           prop 42         0.690        0.857         1.000         16.578      36.711
  MVC   120            sem 42         0.524        0.619         0.983         27.865      76.891
  MVC   120       sem*prop 42         0.786        0.857         1.000         16.578      36.711
AVC presence (prior*sem*prop, 120 ms): semblance marked [0.31, 0.36, 0.41, 0.46, 0.49, 0.49, 0.51, 0.55, 0.55, 0.63, 0.64, 0.64, 0.67, 0.69, 0.71, 0.71, 0.75, 0.76, 0.81, 0.82, 0.86, 0.88, 0.88, 0.9] | unmarked [0.26, 0.23, 0.21]
AVC presence (prior45*peak, 120 ms): semblance marked [0.31, 0.37, 0.41, 0.47, 0.48, 0.49, 0.51, 0.56, 0.56, 0.63, 0.67, 0.68, 0.68, 0.71, 0.72, 0.72, 0.75, 0.76, 0.82, 0.87, 0.88, 0.89, 0.89, 0.92] | unmarked [0.24, 0.21, 0.22]
AVC presence (prior60*peak, 120 ms): semblance marked [0.31, 0.37, 0.41, 0.47, 0.48, 0.49, 0.51, 0.56, 0.56, 0.63, 0.67, 0.68, 0.68, 0.71, 0.72, 0.72, 0.75, 0.76, 0.82, 0.87, 0.88, 0.89, 0.89, 0.92] | unmarked [0.24, 0.31, 0.22]
